0 -0.996338254851 0.747616621043
0 0.981318801035 -0.837046113836
0 -1.0636298313 1.06078529368
1 -1.03196200874 1.14828964099
0 -0.982979563815 1.19815211021
1 0.993223693778 -1.00252119922
1 1.03049196654 -0.897649761989
0 1.11067089138 -0.948340621244
1 -0.974704371161 1.03503526208
0 -0.903756761008 1.1800180638
1 1.00906819528 -0.924137344818
1 0.928501552968 -0.882196251178
1 1.11733301715 -0.942234361025
1 -1.10913427133 0.963552929474
0 -0.973359501883 1.06908003882
0 0.973656799343 -0.86907390311
0 0.756391342358 -1.18166974453
0 -0.985003894876 0.925463576111
0 1.09052471325 -1.00714902842
0 1.16177649841 -0.977720323654
1 -1.04531997594 1.03868715545
1 0.950424242068 -1.05151685285
1 0.895163780257 -1.05109247994
1 -0.949075477332 0.832671419382
1 -0.919932459092 0.92142121298
1 -0.890655637611 0.964009487887
1 -0.867682164398 0.981329646194
0 1.05384648352 -0.913221337076
0 1.02994529504 -1.01388121023
1 -0.968668872566 0.894143674125
0 -1.0009165194 1.10241443953
1 1.01752637931 -0.970646577138
0 -1.09947232804 0.999811183529
0 -1.03264513137 0.923418771277
1 -0.908840049808 0.990135583476
0 -0.863755388654 1.14603343446
1 1.09661327331 -1.03622896956
0 0.997526365467 -0.955328684559
0 -0.966112338178 0.949230954094
0 -1.04781990073 0.84053771039
1 -1.030645003 1.08337342042
0 -1.14907365808 1.11466678077
0 0.815851413449 -0.835093326331
1 -0.971468504385 0.973709401196
0 0.890751363506 -0.951856587165
1 -1.0663197497 0.911865012905
1 1.10143853408 -0.951388390485
1 -1.05538467611 0.981178081769
0 -0.811861851076 1.13299150041
0 0.886739476246 -0.881188771391
1 -1.02048908238 1.17980716834
0 -1.12853465768 1.10913236255
1 -0.910666280067 0.914332467958
0 0.962267248501 -1.02378944273
1 -1.03075969395 1.07974071516
0 -0.889842575485 0.870051771458
1 1.02896075612 -1.02001991469
1 1.06286019952 -1.02879634867
1 -0.812113880016 1.01325125013
0 1.03315304489 -1.1062141467
0 -1.04696594163 1.02188329203
0 0.941037376234 -0.976090489326
1 -1.1223298021 0.951909246133
0 0.815125304812 -0.915471894216
0 1.10402683603 -1.04811636527
1 -0.921787630476 1.1778483023
0 -1.01241941129 0.957104753165
0 0.980239839711 -1.02155550714
1 -0.964699648086 0.993442216122
0 0.957254714258 -0.894971745125
1 -1.21375551967 0.826288668198
0 1.03690265792 -1.04318804699
0 -0.902269331751 1.04385326303
1 1.06084157637 -0.914696421653
0 0.984039383263 -0.971183900228
0 -1.02477445476 1.11027491275
0 -0.853028586139 0.815373284405
1 0.989892926894 -1.10067059496
1 -0.95611953871 0.987443303062
0 1.05532882085 -0.997177299158
0 -1.05405493155 0.932377362139
0 1.08913880108 -0.955004103481
1 0.860633557729 -1.20488170412
0 0.99668305802 -0.95180774144
1 -0.947093263569 0.943208926035
1 -0.924024702844 0.985654579715
0 0.974284511111 -1.18627689752
0 -1.05011350452 0.902445867334
1 -0.899182908839 0.930747221131
1 -0.897232951295 1.1048004825
1 -0.944809821246 0.837917101744
1 -0.99945392939 0.987911978987
0 0.998251230146 -1.02475598724
1 1.06557088153 -1.03931576279
1 0.898060681531 -1.02913997662
1 1.11526276175 -1.03863043242
0 0.969763204735 -1.05978007755
0 1.07490804825 -1.09300371316
0 -1.03197614788 0.950908179401
1 -1.06805578243 1.24548482514
0 -0.957903145879 1.02710587867
1 0.97458492699 -1.20904627501
0 -1.20669650223 1.07833423864
1 1.14948917374 -1.14041083576
0 1.00841486704 -1.05536039916
1 0.954750107176 -1.08429125279
1 -1.03532278601 0.926882032884
0 1.05629424714 -1.03153394635
0 0.907609820167 -1.06208701808
1 1.06356786151 -0.852230701114
1 1.07787548072 -1.099169676
0 0.984101350215 -1.02201122431
1 -0.956420399494 0.944107050381
1 -0.900163960378 0.977579901553
1 1.20461316362 -1.01076555842
0 -1.14741630937 0.875141718267
1 -1.16620430044 1.09269080639
1 1.087720699 -1.05305152449
1 -0.916801848343 0.820779282727
0 -1.02110381302 1.06988038771
0 1.02514003726 -1.02843017281
1 -1.0167882583 0.938509674019
0 -1.0789706477 1.00732402463
1 0.896102033179 -0.783305153441
1 -0.93307267063 1.0668008323
0 0.915398185219 -0.880089384652
0 1.10104885787 -0.926641067963
0 -1.01584468269 0.969713762954
0 0.966285415083 -0.961299446615
0 1.07310730805 -0.987858799529
0 -0.95401971105 1.10655549721
0 0.8291786261 -1.05709357588
1 1.01048066571 -1.0487528821
0 -0.974169937667 0.956426475302
0 -1.18092906238 1.06896743782
0 0.932385649847 -1.01547073533
1 -1.07448410571 1.11316923935
0 -1.00171687112 1.00200851153
0 -0.984862865488 0.936231643553
1 -1.09888551696 1.12649056582
0 1.13072830069 -1.05159578301
1 -0.936129682074 0.902699961618
0 1.08950555692 -1.19513351701
0 -1.09068052144 0.898365996076
0 -1.00608284985 0.915947269953
0 0.956211390131 -0.965404505459
1 1.07705975162 -1.04119212253
1 -1.15819500291 0.956211474676
0 0.837295713984 -0.934659999549
1 -1.00367529473 1.11184100337
0 -0.962018218785 1.02102187713
0 1.03088164879 -1.11432425731
1 0.952911743333 -1.12632953043
1 1.04876373549 -1.13624113817
0 0.948249583441 -1.01057756316
0 1.30597720138 -1.01198132814
0 0.928588750225 -1.00899078345
0 1.09188936646 -1.04546620405
0 -1.14257927259 1.11754445431
0 1.18344826627 -0.902655182915
0 1.05947661028 -0.962407352617
0 -1.05301057408 1.11177198577
0 -1.08234688924 1.19038167363
0 0.918858820913 -1.01052963413
1 1.04120317048 -0.927095573521
0 1.10123358386 -1.07390871797
1 0.987286808054 -1.05212834947
0 -0.955229654481 1.03478203808
1 0.923568962235 -0.898449515089
1 0.939726400108 -0.906061534836
0 0.842197370046 -0.935236078346
1 0.843079903558 -0.86545875302
1 -0.993728936135 1.03206757134
1 -1.09042280581 1.06974296697
1 0.978245762419 -0.97185433131
1 -0.946922840118 1.16270683818
0 -1.02336351434 1.14157427167
0 0.952216675598 -1.00636455181
0 0.977594743244 -1.01449653476
1 -0.808462378969 0.84499702963
0 0.961159110694 -0.966696263476
0 -1.10795407822 0.87832766873
0 1.10187066901 -1.16005751513
1 -0.959202792041 0.975281583949
1 1.04400175367 -1.20406302745
0 -1.01380679725 1.02498247044
0 1.02754238682 -1.02375540924
1 -0.999762350604 0.918530407457
0 -0.977544643275 1.08624874902
1 0.988500340414 -1.0126309987
0 -1.10662131424 0.793865509057
0 1.14851498478 -0.95811220347
1 1.08779362151 -1.00521234239
0 -1.05101171913 0.831247852332
1 -1.02874647115 0.973237409811
0 0.998348446667 -1.03158239094
0 1.0355225904 -0.98159864899
1 -1.06137193056 0.803741569269
1 -1.05155234802 0.984516448495
0 -0.985262513508 1.19015643977
0 0.972372141386 -0.962296772201
0 1.01554794423 -1.10550921488
0 -1.14710596928 1.04955538222
1 1.25336378907 -0.821958855378
1 -1.02848837062 1.12351214081
0 0.775200428539 -0.899240176487
1 -1.15383423291 0.909009892608
1 1.10306232143 -0.923094100882
1 -1.04230785445 0.881375528717
0 1.05170777483 -0.903112730585
0 1.05313868909 -1.03483708358
0 0.923965911767 -1.04474100097
1 1.08375751812 -0.870045663847
1 -0.875659645057 1.02486299491
0 -0.969844363144 1.07824513577
1 1.01107220967 -0.956140945016
0 1.07452701479 -1.11653477557
1 0.917788961595 -1.06186980157
1 -0.919666680888 0.862062739137
1 0.885239838792 -0.950058730563
0 -0.968531904505 1.11620987288
1 -0.999454311935 0.930548930321
0 1.08433778741 -1.10747386791
0 1.08710886622 -1.01951844134
0 -1.08249989517 0.886097266167
1 -0.813266109627 1.0050915641
1 -0.958864587386 0.922581553878
1 -0.92888754826 0.897937146806
1 1.26026027359 -1.02208936119
1 -1.01355393666 1.01713938739
0 -1.03390475486 1.12118343957
1 -1.12137691009 1.0460432512
1 0.830212574964 -1.03330406413
0 -0.945659025176 1.08612655888
1 -0.880954257557 1.10205659496
0 0.866178248164 -1.00184393692
1 -1.01141883505 0.968540602815
1 -1.01478569861 1.19066425644
0 -0.903922434463 1.23872482456
0 1.03720019761 -0.851255620658
0 -0.934343808089 0.986999301243
1 -1.19776800781 0.934589748771
1 0.743051743865 -1.07381979471
0 1.19626099719 -1.04905409099
0 1.13296682261 -0.965657563445
1 1.05517665414 -1.0695533072
0 -0.928245419301 0.887579674391
0 -1.08377864031 1.01027295879
0 -0.877770581433 0.969294667459
1 1.13648758772 -1.00698587892
0 -1.08844072099 0.846834812184
0 0.982605855937 -1.2745594724
1 -1.03009137424 1.04650044806
1 -1.03883946053 1.17464672657
0 -0.7197307956 0.888863527183
0 1.15169880585 -1.0443273861
0 1.21126581646 -1.10090943735
1 0.988085532568 -0.96454570081
0 0.964587915223 -1.03090316025
1 -0.952295462129 0.942731571689
0 -0.847300999629 0.89264702433
0 0.874584480976 -1.04225423983
0 0.844469502508 -1.04392063764
0 0.916277299911 -1.01318440486
0 0.83192903591 -1.04374451515
1 1.09154551726 -0.98983345426
1 -1.07454288211 1.12279941
0 -0.872810118098 1.02273257495
0 0.94959273012 -1.182425107
1 0.989617713054 -1.1278982885
0 -1.13291733851 0.824087387904
1 -0.879629008748 1.18729049916
0 1.01769716139 -1.02214677952
0 0.99682943948 -1.03888301784
0 0.965979494906 -0.738967806721
1 -0.976083755493 0.92836922404
1 1.09387782031 -1.17911839551
1 -0.811280718258 1.05962863023
1 -1.08226506528 0.866052276199
0 -1.03616577281 0.971814117409
0 -1.16574875846 0.985957774939
1 1.1776167214 -0.978822077257
1 -0.956404740238 0.873748637543
0 -1.16818471132 0.933924601432
0 -0.979800721522 1.18176078161
1 -0.734459088545 1.06682820311
0 -0.981475188392 0.892816336467
1 0.985321897821 -1.14648211382
1 1.17003816581 -0.926318831316
1 -1.03422694025 1.21992728464
1 -1.03247310309 0.99546565787
1 0.882816833788 -0.886987811624
1 -1.05918348648 1.03423886302
1 0.922499524088 -0.719551759746
1 -1.04700549459 0.956520962332
1 -0.922723492271 1.1507826958
1 1.00946187177 -0.875243289149
0 0.954331831134 -1.08289042353
1 0.794062276176 -1.12636031266
1 1.11746550932 -1.06806614371
1 0.823194437153 -1.21599001122
1 1.05569618053 -0.895302998006
0 0.877797540982 -1.03595414878
0 0.928580687763 -1.01299452347
0 1.02735612581 -1.09173530306
0 1.03352276701 -0.983600807954
1 0.838888110902 -0.940265220021
1 0.966375213538 -1.17299311528
0 -1.00244781663 1.06242850366
0 -1.1485544679 0.745220444727
0 -1.00639897298 0.821781553373
1 1.06178600285 -0.914323352303
0 -0.991762181688 0.975377015214
1 -1.06209845496 0.89726539217
0 1.04212426332 -0.968201092291
1 -0.817897605704 0.945471487782
0 1.00455088116 -0.945390843549
1 -0.955700131922 1.28767150422
0 -0.931418783533 1.17042777169
1 1.02821856318 -0.992438754755
1 -1.09110423808 0.85563942563
0 1.08565836592 -0.888857336899
0 -1.08497062149 1.03202500608
0 1.24688479796 -0.764101742777
1 -0.941419457271 0.95585581763
0 1.06685095989 -1.12229305587
0 -1.17143104447 1.02380212064
0 -1.02923577572 0.915802200826
1 0.845104644721 -0.815611213683
0 -0.932929348388 0.864622783452
0 -0.949287523445 0.982718034755
0 0.88368983078 -1.13086710551
1 1.14062234341 -0.823985649837
1 -0.943322695632 1.18853867584
0 1.06886928299 -1.10212648766
0 1.0409790765 -0.954708133423
0 0.857945730717 -1.07661566499
0 1.03964682574 -1.02546329107
1 1.04168365848 -1.01002509643
1 -1.10841810965 1.03209535482
1 0.984345767443 -1.14287693411
0 0.897466402942 -0.870373626391
0 -1.06474149847 0.976871570997
1 -1.11325594341 1.05481755508
1 -1.07363039468 0.918637813213
0 0.981293375648 -0.845453731927
1 -1.07125708352 0.989215147363
0 -0.976653908317 0.991981328206
0 -0.981145704646 1.01628489995
1 -0.993388684361 0.98828845184
1 -0.934425506668 1.01786794532
0 1.07668434615 -0.874577091257
0 1.06665384386 -1.05671329479
0 -1.25353508486 1.00270003786
0 -1.05406198656 0.873815336553
0 -1.18304207042 1.03085947584
0 -1.01221453428 0.790955584131
1 -1.09693417668 1.16828146969
1 1.05957435677 -0.974104401337
0 -1.00155019455 0.760554865909
0 0.888405654376 -1.00235750801
0 1.00575749011 -0.838853529675
0 1.08283605379 -1.05002723922
0 1.02002924431 -0.826665429866
0 1.06450053723 -0.770268542047
0 -0.950776628714 0.998948871311
0 -0.987478108321 0.820422768471
1 -0.841522915229 0.986904534634
0 -1.166207804 1.07991526732
0 -0.904369672266 1.10853853478
0 1.05049633132 -1.05327621666
1 -0.88029388736 0.930252282358
1 -0.89847114219 0.981011231814
0 0.954878668665 -0.845199805629
1 0.887166058464 -1.1978600409
1 0.940859388003 -1.22539738992
1 -1.07433806416 1.16554599059
1 -0.971003223903 1.03824811883
0 1.03585622934 -0.828222134377
1 -0.832374687883 1.13644732011
1 -1.13788187895 0.885580104916
1 -1.033518951 0.982596071009
1 1.07036817871 -0.938977355054
0 -0.931339315238 1.056668006
0 0.885474432679 -1.14233393754
1 -0.865377485512 0.991674126968
1 -0.738130905538 0.933380854814
0 0.933761359597 -0.850511508768
1 -1.07692009426 1.02353727034
1 -0.845032220034 0.976010837497
1 -1.06373762057 1.00529827169
0 0.930859373435 -0.835689073809
1 0.906172310455 -0.865494515096
0 1.07886938797 -1.09294839926
1 1.16504581523 -0.877772393212
1 -1.08202245073 0.993577913013
1 -0.9882622962 1.01239605356
0 -1.13669877532 0.833608591337
0 -0.959173218474 1.06515765088
1 1.03837237041 -0.846858339049
0 -0.799767574746 1.07306394017
1 -1.12683748643 1.12657671045
0 0.984482034107 -0.976893418222
1 -0.891778612199 1.01302222498
1 -0.852981508434 1.00362623836
1 -1.00960853667 1.18811903218
1 1.05593406715 -0.906782330302
1 0.982748616019 -0.991309387765
1 -0.95435273792 1.10777197218
1 1.12126407053 -1.06124355813
1 -0.907711887342 1.00197491891
0 0.864974557383 -0.880510063324
1 -0.862917654077 0.967273439201
0 1.23380126046 -0.997534025422
1 -1.05946568469 0.995831392765
1 -0.899124094136 0.915575864006
1 -1.11549052211 1.08051163464
1 -1.02140198088 0.922467985198
0 1.02386989419 -0.943312820259
0 -1.08584034037 0.92620333389
1 -1.08176459689 1.13683964363
1 -1.06016291659 0.972433894873
1 1.0874484011 -1.02949775018
1 0.96533282853 -1.030218157
1 0.936890827246 -0.947189527699
1 -1.02705675707 0.944375385076
0 -0.958232621742 1.02180917974
1 1.02066454093 -1.03373983059
0 0.97239465953 -0.894074156431
1 0.892443738981 -0.799482088987
1 -0.969116133963 0.902241434108
1 0.972610192182 -0.961510567517
0 -1.10841074437 0.914212697663
1 -0.963014486269 1.00055306815
1 0.919872560048 -1.11750608884
0 -1.27342474469 1.18300765405
1 -1.03898066706 0.809227646033
1 -1.05794641659 0.993126070573
0 -0.977366506961 1.10705236976
1 1.0242708873 -1.02657770693
1 -0.943717326415 1.13119137121
1 0.895593244259 -0.975064874163
0 -1.04080064684 0.999258447625
1 -0.886922496477 0.897270281984
0 1.08102581221 -1.09873842054
1 -0.968304123059 1.12648569544
0 -0.726651423078 1.06153203607
1 1.24860667343 -0.895346009265
1 0.737345115273 -1.04382051471
0 -1.0686245974 1.13154925935
0 -1.12134545915 0.893292683677
1 1.07634975868 -0.927222249769
1 0.929764658223 -0.99223922179
0 -0.92054327089 1.08822726268
0 -0.964278345332 1.1530466365
0 0.835654888486 -1.03444609858
1 1.10300478816 -0.88681813442
0 1.03610159991 -0.805561044389
1 0.865425012737 -1.06746203273
0 -1.14634996359 0.979257931126
1 0.866960570648 -0.945330046442
0 -0.914296000144 0.938727346054
0 -1.06719871612 0.996972555376
0 1.03796103976 -1.12731092653
1 -0.760143873762 0.893956698974
0 1.0512831465 -1.01196911266
0 1.06746326753 -0.845410095608
0 -0.898426912426 0.988170549569
1 -0.968081123016 0.839155715647
0 0.89248340031 -0.944772427688
0 0.880435869984 -1.15274464834
0 0.972966271869 -1.06364887416
1 -1.02638691014 1.09975444367
0 0.999598941553 -0.880881224623
1 -0.996945416175 0.896046327014
0 0.948704899337 -1.03821198357
0 1.03566846331 -0.915333474055
0 -1.03948558799 0.909714783937
1 0.993392035535 -1.00031786432
0 1.10288753691 -0.767060098612
0 -0.969699435795 1.01118663724
0 -0.955176816423 1.06066277665
1 -0.909811321324 0.854847289171
1 -1.00445859851 0.944678559675
1 -1.17204024063 0.852956048216
0 -1.11588795007 1.00709556647
0 0.925372765057 -1.07531582328
0 -0.886046816814 1.22917463142
1 -1.02476709717 0.973988948801
1 -1.11790562364 0.95906484306
0 -1.14813395376 1.03619287584
0 -1.08854306873 0.933885432859
0 0.873630443651 -1.0635941248
0 -0.981688859675 0.92041268139
0 -0.910911977242 0.897581926731
0 0.941230697448 -1.20683219133
0 -1.19643650712 1.00954043953
0 1.05998670195 -0.949318041286
0 1.07145619278 -0.85656123957
0 0.920524486614 -1.15914070695
1 -0.782099949946 0.973750033986
0 -1.03387280829 0.976417722632
0 0.862984095953 -0.971445795665
1 0.963335734806 -0.997517756925
1 0.950994125054 -1.17102565571
0 -0.766425854207 0.899360051891
1 1.08908289176 -1.09963975455
1 0.927875562007 -0.963708008667
1 0.978564813561 -1.20910238688
0 0.808403417135 -1.09440708167
0 -1.02457306255 1.08510941115
0 1.00582021974 -1.00288410852
0 -0.931732491316 0.984151470133
0 -1.06296205712 0.828402874772
0 -0.982170650077 1.09514950253
0 0.949313840057 -0.996386263876
0 -0.978820350474 0.888180339498
1 -1.054875224 0.913549626033
0 1.08076820706 -1.15924719805
0 -1.16777458415 1.04369091128
0 -0.858385828216 1.18702932894
1 -1.01527808838 0.898904981053
1 -1.06321702663 0.920245598287
0 -1.04026935143 0.913176743371
1 -1.0014736594 1.00414728697
1 -1.00690064455 1.04232971811
1 -0.985402595233 1.05299961855
1 -0.853403342858 1.06060943746
0 0.942052747489 -0.98905844939
1 0.94082199791 -1.13782995332
1 -1.01014477442 1.02156140015
1 1.01417817621 -0.963079285079
0 -0.995333981205 1.01567671453
0 -1.09509790539 0.953716425879
0 -1.00249721125 1.06905043121
1 1.03055032546 -1.08666977548
0 -1.17491046402 0.873447843265
0 -0.872588872496 0.851181862182
1 -1.07486063552 0.874354502674
1 0.936299381494 -0.922055996528
1 -0.859465148505 0.869191462862
1 -0.977476530348 1.0795354959
0 0.92261894116 -0.907402106537
0 1.00314271873 -1.1308981843
0 -0.97594876219 0.847866751355
1 1.04381929381 -0.96570596158
0 -0.889152461407 0.881374667012
1 1.07795982236 -1.08937257114
1 -1.05781720092 0.981532597171
0 0.978374505831 -0.948798578667
1 -1.08656499552 1.01051690932
1 0.942613803637 -0.808310685538
1 0.979288374769 -1.14190882692
0 0.961299686721 -0.906834098509
0 -1.04077323731 0.919935815497
1 -0.9888879081 0.758671892925
1 0.979175231738 -0.996782316677
1 0.896671293372 -0.828497210062
0 -1.14404571553 1.0280263274
1 -0.932541493756 0.996710579522
1 0.98085442913 -0.828191468227
0 0.960096686774 -1.02495467747
0 0.996838461302 -0.802316012793
1 -0.890415545585 0.987585123356
1 0.926322360512 -1.07457561708
0 0.897450347912 -0.939545849892
0 0.880561360569 -0.997945346658
1 1.16812793023 -0.938378316303
0 0.730979162254 -0.974459577952
1 0.995855337156 -1.05026507769
1 1.0674330428 -0.941245852393
0 1.15308998342 -0.879102172712
0 -0.896465491237 1.05695280539
1 1.02310371344 -1.09780474558
1 1.04582005542 -0.995013242194
1 0.831102509217 -0.99465660199
1 0.94650625971 -1.04349603331
0 -0.930052033717 0.884658742562
1 -0.976976960429 0.920080634537
0 -0.851389088608 0.986830306235
1 -1.028818264 0.95273146171
1 -1.05841363923 0.931905658216
0 1.07500357384 -1.02213303203
0 -1.02960050606 1.0926818895
1 1.07208052482 -1.00048489215
1 -1.19757052968 0.90468739688
1 0.971323332998 -0.947427179583
0 -1.02485550295 1.04206654865
0 -0.995753612567 0.900744426185
1 1.04034936715 -1.03002385689
1 1.07169147356 -0.867487153939
1 -1.23982098125 1.0414068611
1 -1.01668376825 1.16128442505
1 -1.0396704129 1.02848043598
0 -1.06450139659 1.10022659214
1 1.03146744148 -1.06730041353
0 -0.96094474744 1.09300007137
0 -1.12939335433 1.00821330177
0 -1.10512416695 0.962502174049
0 -0.931316926991 1.00574369889
1 1.0004686768 -1.12518886407
1 -1.04792490428 1.07011962194
0 -0.901794325465 1.07443534674
0 -1.12617837035 0.930872606993
1 -1.14218317559 0.938370903689
1 0.92401918881 -1.13575274035
1 1.02537995573 -0.903200587881
1 1.01152466888 -0.958485568205
0 -0.852491538246 1.16452115873
1 -1.05563923558 1.11141286443
0 0.965922400089 -1.10291371462
0 -1.10069399436 0.90380287393
1 0.992561164868 -0.81938164114
0 -1.02968830148 0.989754697538
0 0.976927738815 -0.977124928018
0 -1.11161388823 1.10051529087
0 0.9757300603 -1.33885265192
0 -1.03282137166 1.25135725725
0 0.839368384779 -0.962411488631
0 -0.887065108927 0.952079953528
1 1.03022256652 -0.891946935197
1 1.07211284123 -0.894822264509
0 -1.04254438723 0.845198020741
0 1.1843769052 -1.00586471557
1 -1.01516709222 1.05898997404
0 1.00884658521 -0.982198100136
0 -1.09127080834 1.03947697681
1 1.00705563336 -1.09777048116
1 -0.939755895224 0.989322816445
0 0.735621935149 -0.972043037249
1 -0.90805813286 1.10748838257
1 1.16572948506 -1.00571739274
1 0.859591147703 -0.958729118752
1 -1.01061256498 0.714269473732
1 0.828661756717 -1.02424329569
0 0.919606268534 -0.848152277559
0 -1.02116206786 0.997214891861
1 -0.911803313125 0.931920984218
0 0.866693340125 -0.968154654716
0 -0.903990588334 1.01696554292
0 0.93203136526 -1.16911998399
1 0.978866472033 -0.913391086076
0 1.13013817404 -0.938727479079
1 0.93032949356 -1.05618732877
1 -1.14710646945 0.943283911444
0 1.04497327745 -0.938758353862
0 -0.782998156474 0.941947672939
1 0.872975876225 -0.886658588828
1 -0.963945429901 1.12275270053
1 1.08905327234 -1.11484294343
0 0.989448818859 -1.18231631193
0 -1.11166203934 1.02253828566
0 -0.932661047399 1.05864727495
0 0.969931613983 -1.06035573849
1 1.04270985842 -1.04947671522
0 -1.10642942529 1.00532569715
0 -0.818765383439 0.850739825944
1 -1.03633702592 1.07257752876
1 -0.982489406777 0.949888987804
0 1.0349998519 -1.07654538991
1 0.955259110603 -1.09703195853
1 1.15044187643 -1.00634402598
1 -0.806465156627 1.00308651016
0 -1.03106910018 1.20531380803
1 -0.91294529641 1.17255659831
1 1.15016094843 -0.915783343628
1 0.978220791192 -0.777908067044
0 -0.914114519793 1.15721820341
1 1.12479498406 -1.05886522148
0 1.09084126112 -0.952857362477
1 0.974575812288 -0.904819837918
1 1.0673387192 -0.956726262699
0 1.02145554154 -1.23648182333
1 -0.840514444189 1.04421398603
0 0.923389574229 -0.94001056006
1 -1.01437821232 0.807505938589
1 -0.97276492623 1.04314774531
1 -0.941246003257 0.969572914681
1 -1.01444009104 0.80961668435
1 1.11134067698 -0.815274636372
1 0.88083665353 -0.865115461631
1 -1.06624029232 1.09976697924
0 0.771280134791 -0.885687341336
1 0.904515508696 -0.915573558218
0 0.936330331568 -0.840250827911
0 -0.887903913994 1.04758144771
0 -0.993231307169 1.09131420543
0 -0.827675148542 1.04028036394
1 1.0517653187 -1.02504246183
0 -1.04630106821 0.857159588697
0 -0.930357358474 0.885928925422
1 -0.764338124587 0.993455322121
1 -0.94426164917 0.848642318598
1 0.889660131618 -1.02568003015
1 1.04994464026 -1.01316958314
1 -1.09204291059 0.935919595389
1 -1.07177191353 1.04780141791
0 1.0904745372 -0.856572475557
0 -0.8772225944 1.11142848778
1 -1.02508888098 0.925019115062
1 -1.089652556 1.06626894256
0 0.913768818053 -0.753898901761
0 -1.04643517434 0.994424916694
1 1.02717085425 -1.18404540478
0 0.896752560168 -0.957224962722
0 0.984512991319 -0.993378691053
1 -1.04074065892 0.965558926825
1 0.997822085446 -1.05245755219
1 -0.848780407019 1.04868064551
1 0.787530304342 -0.921114038401
1 -1.03911123471 1.1763347035
0 -1.10592874662 1.05658074246
1 1.06493720176 -1.03788404387
1 -0.912959994684 1.01592137937
0 0.98204837446 -0.961966244108
0 0.965385052938 -0.924789571618
0 -1.04222813026 0.945161888702
1 0.995544137597 -0.993827039293
0 -0.993601497436 1.06871899889
1 1.02397881705 -0.950354238948
0 -1.24833392938 1.0820639539
1 0.938392950035 -0.947346698827
0 -1.08485215971 0.762630448642
1 1.1019140899 -1.03354821558
0 1.12969033837 -1.12144874524
0 -0.924057794975 1.05479318632
0 0.867370659342 -0.847803158557
0 1.05029583598 -1.04925216218
1 -0.941851034081 0.913025674162
0 0.92875922207 -1.11427556295
0 -1.19207713325 1.03360634809
1 -1.04314169591 1.1028053379
1 0.982229764479 -1.05569358023
0 0.996326571345 -1.09312221176
0 -0.906525651903 0.754296281585
0 -1.14748149497 1.14522715589
1 0.955160111741 -1.06355569027
0 -1.05090414792 0.820391402662
0 1.02693455814 -0.809766052787
1 1.02825651503 -1.13935165503
0 -1.11659932775 1.00587666541
0 -0.822284981171 1.05018956136
0 0.978816530678 -1.10059672088
1 -0.985254353491 0.995615927386
1 -0.969862688506 1.10443239822
1 1.21547192951 -1.07259599335
0 0.987189818679 -1.09060148861
0 0.987233061622 -0.887388569902
0 1.01679097034 -0.980667408177
1 0.840529536229 -0.986323092591
0 0.992522278937 -0.92691895614
1 -0.952607791417 1.0126904095
0 0.967248517599 -0.91757071093
0 0.939267918423 -1.04822080802
1 0.912206815486 -0.966953028252
0 1.08701232283 -0.818894113327
1 -0.982411124569 0.758807342052
1 0.815399443609 -0.904482742283
1 0.938006400167 -1.05112921174
1 1.07548947399 -0.873324257288
0 -0.752477478855 1.16590828978
0 0.932241095569 -0.964391118789
0 0.804614036623 -1.11968809885
1 -1.0077540163 0.930130622842
1 0.967754082596 -1.07071017758
0 1.03598473072 -0.903001254877
1 0.773514628383 -1.01537472169
1 0.999595499718 -1.08930242941
0 -0.933739896664 1.09199134684
1 0.990096278934 -1.02345193177
0 -0.977167947019 1.07156189899
1 1.03514649641 -0.909131445784
0 -1.04442815989 0.716284453595
0 -0.94412609312 0.921253054301
0 -0.845273137399 1.08536108655
1 0.98743646269 -0.910821236371
1 -1.02460557505 1.09123691995
1 -1.01253174894 1.07649476247
1 -0.991682193757 0.790413473221
0 -0.943095821428 1.1171984659
0 -0.997913190702 1.12914650003
1 -0.978144604667 1.22840868604
1 1.15616806113 -0.832289124868
0 0.956256713573 -0.951785835891
1 -1.00114190761 1.14706659652
1 -1.04772170749 0.952958481083
1 0.955987704194 -1.03294731559
1 0.928289323261 -0.961218308032
0 0.939272324717 -0.980646108636
0 -1.04042989212 0.998829010463
1 1.05380996553 -0.911718440811
0 -0.935591901368 1.00581792315
1 0.917497250556 -1.01679313193
0 0.997803193757 -1.04985474607
0 0.863523671263 -0.72784212953
0 -0.978017327081 1.07078342194
0 -1.16286542382 1.00446196987
0 1.0083132465 -1.09993823112
1 0.993369799779 -0.994762859019
0 -0.863502964191 1.10864134352
0 -1.01572747928 0.963880492282
1 0.833151955286 -1.01673304588
1 0.854750702534 -1.03885902507
0 -1.01827898837 1.03198396629
1 -0.931397414718 1.07439075646
1 -1.12009201582 0.924341191053
0 -0.907542352566 0.813558310499
0 0.932914129336 -0.937771466813
1 -1.10262299415 1.00861221763
1 -0.945189243682 0.901567868325
0 -1.02640594771 0.993729628899
1 1.06942682005 -0.918380817079
0 0.968859732201 -0.979945139789
1 -0.89629434414 0.943539596491
0 1.13261731933 -0.98069673946
0 -0.823337413526 0.939082541961
0 -0.907256932363 1.04885836981
0 -1.11557298821 1.03555621225
0 1.00073247457 -1.12393272131
0 -0.719315818434 0.95281055072
1 -1.02216874387 0.941067574408
0 0.851299639986 -1.02257637583
0 -1.02220348144 1.00875401388
0 -1.09747005156 0.992368430845
0 -1.13545102204 1.18041688106
1 -1.10924861225 1.01944448356
1 1.10934331129 -1.15238622033
1 -0.914624272314 1.07711331015
0 -0.963586777809 1.05830329372
1 1.06779455306 -1.01952028043
1 0.942003934102 -1.00245259813
1 -0.875867226348 1.01223815379
0 1.01097298061 -0.942615435288
1 1.07139857766 -1.07434416961
1 0.980164313575 -0.921047973095
0 0.827972874684 -0.966509961854
0 0.988343222677 -1.03640542114
0 0.942531649074 -1.02845660304
1 -0.965076319766 1.13918007871
0 -0.986281372591 1.03659948886
1 1.00297989533 -0.862051859766
0 0.99777289876 -1.06694716531
0 -0.883477742213 1.17825786583
1 1.06294042351 -1.03517177802
1 0.940180754907 -1.00913028817
1 1.0519414972 -0.971544792153
1 -1.08013253233 0.994447144647
0 0.866367006252 -0.91524648888
1 0.984416793584 -1.03183423051
1 0.959195646926 -1.08847178721
1 1.02746595186 -0.911916989507
1 -1.06592598431 1.10940717822
1 0.943694828431 -0.960338450696
0 -1.03925412551 0.954667204268
1 -1.01120817844 1.06602704941
0 -0.967728786364 0.892063025029
1 1.12385393683 -0.923917970917
0 -0.947651843593 0.984056180757
1 1.06490038878 -1.05118615715
1 -0.871405434794 1.06564196313
1 1.10188991889 -0.977272699869
1 1.02509450416 -1.24543656934
1 -1.04649414165 1.00959783004
1 0.82930234805 -0.961779818292
0 -1.13042561625 1.03982712719
1 -1.04231478577 1.04407201705
1 1.06312695487 -1.04539566936
1 0.899486706628 -1.09864636069
1 1.19035802138 -1.02198218057
0 0.985563584718 -0.895046652614
0 0.982238424975 -1.10291031918
0 -1.01660255147 1.17584944684
0 -1.10395375588 0.835016183175
1 -1.13676529206 1.21832186405
1 1.09189958475 -0.901862253855
0 1.02760117131 -1.12934562637
1 0.926758513946 -1.10509165281
1 0.999497715362 -1.1099917263
1 -0.973312624571 0.906299005756
0 1.1037304812 -1.17871406314
1 0.871722086922 -1.00479196588
0 0.997264280685 -0.992007723271
0 -0.881084003613 1.02311614479
0 0.89743717878 -0.955048981221
1 -1.11631081616 1.21390935075
0 1.09960578229 -1.01698632509
1 0.941802651277 -1.15482330468
0 1.13341202643 -1.11160783254
1 -0.885127726553 0.89319492612
0 0.894524814117 -1.11443806436
1 -1.01562311856 1.14082312379
0 0.909049773345 -1.11557417432
0 1.11884959002 -0.915751982229
0 0.779618572491 -0.933905468472
0 -0.901882598634 1.00039377214
0 -0.996667431198 0.89787357257
1 0.967797792016 -1.14207343675
0 1.03116267553 -0.922534423254
0 1.07854070926 -1.02447217246
0 1.04006201279 -1.11050748921
0 -0.877545664856 1.12160354125
1 -1.02408708762 1.01704863852
1 1.0241453275 -0.982110114453
0 0.9407895062 -0.871964642975
0 0.838707490393 -0.821071018746
0 -0.861277151337 1.00333087561
1 -1.00984070211 1.10605345508
1 -0.957502361158 1.06305472778
0 0.871296080312 -1.06728997908
1 0.837032534188 -0.961344312792
1 -0.9807023579 1.07264816861
1 1.0261826932 -1.04952262771
1 -0.909135268336 1.02585688767
1 -1.09076991533 1.04690021746
1 -0.902112663196 0.942802821014
1 -1.01006200116 0.921396490335
1 -0.86451036036 1.07299916185
1 -1.05691447919 1.0187919561
1 0.920699440142 -1.19241145905
0 -1.20377781092 0.678932902084
1 -1.18738369745 0.887860782719
0 1.10601007658 -0.842811369606
1 1.01852289913 -0.981894773775
1 -1.00253392176 0.847631429965
0 -0.998856633488 1.03453553093
0 -1.04123983515 1.00401792674
1 0.945102677918 -1.12516435609
1 1.22161923584 -0.82816187138
1 -0.945249894763 1.05444919757
1 0.842008592607 -0.844809712396
1 0.920499130157 -1.00623313506
1 1.2236753282 -1.03908422791
0 -0.882967887065 0.840517995667
1 -0.965972374461 0.976020433691
0 -0.813116365451 1.08866388717
0 -0.988238230386 1.00970960196
1 0.985553401256 -0.866763442372
0 1.16005166951 -1.03218943232
1 -1.13984670725 1.01232823446
1 1.06743770085 -0.952411794482
0 -0.873149414308 1.0402646832
1 -1.0116791625 1.1492032318
1 0.984720696857 -0.843640925683
1 -1.09519790253 0.931490242555
0 -0.989401231926 1.11809484492
1 -1.07144940672 0.849090420022
0 -1.19803061677 1.27399746551
1 1.188612176 -1.02775593385
1 -1.13532422034 0.994102817757
1 -0.927876481379 0.9755971963
0 1.17157232908 -0.966629774381
1 0.946941358164 -0.767892128137
1 -1.12825674742 1.00884351072
0 1.04141287083 -0.918459234503
0 0.978814757205 -0.987314775242
0 0.895242137962 -0.978655132606
1 1.13336117754 -1.01993152025
0 0.844416257376 -1.21104575215
0 0.970058689513 -1.02289629252
1 1.09124636059 -0.893153458765
0 1.05968288033 -0.955555283258
1 1.06508277288 -1.1410348816
1 -0.931369479577 1.13339127981
1 -1.01076307092 1.14795678159
0 1.04339023645 -1.06558645269
1 0.965556535506 -0.886446947723
1 1.03699252437 -1.15438654877
0 1.12376187885 -0.951702886255
1 -1.04057419911 1.0778156678
0 -0.954939855433 0.961423634196
0 1.0952789467 -1.02620774666
1 -0.991169451757 0.888601735616
0 -0.980481819854 1.10804161151
1 1.0685286134 -1.08121004492
0 0.969398853512 -0.928413306521
1 -1.08310870439 1.13089726953
0 -0.992693741314 1.09290178883
1 1.0888846716 -1.10340094332
0 1.14690712839 -0.984115958129
1 -1.02391288212 0.920104777298
1 -1.01649538652 1.09512073533
1 1.08047073324 -0.922619815028
1 -1.07420288009 0.885416988543
1 0.948069408878 -1.10001175225
0 1.0087258505 -0.847877705494
0 0.965019803379 -0.828691540121
0 1.09049135714 -1.05825547492
1 -1.05423287817 1.071323069
1 -0.855243122436 1.02596500092
0 -0.878109893225 1.01298976808
0 -0.855239490247 0.988993402361
0 1.16812442136 -1.17478843896
1 -0.907936248755 1.14976798302
0 -1.10753624429 0.869338070812
0 0.949677507102 -0.994321066027
1 -0.948182322608 0.799917584339
0 -1.03007284645 0.975489456038
0 1.04381324426 -0.820434995561
0 0.93694153193 -0.951639441014
0 1.02996931071 -1.02431017167
p0 0.0228135279142 -0.0240812242355
p1 -0.0356052321494 0.0413015032998
